9554;415977
9555;415985
9554;415988
9554;416007
9555;416011
9555;416024
9553;416024
9555;416026
9556;416026
9556;416032
9556;416034
9556;416038
9555;416036
9556;416044
9556;416045
9555;416042
9557;416048
9556;416049
9556;416049
9556;416047
9555;416052
9555;416050
9556;416051
9556;416050
9555;416050
9557;416054
9556;416056
9557;416053
9556;416058
9557;416061
9557;416058
9555;416063
9557;416062
9554;416069
9557;416066
9556;416070
9555;416072
9555;416069
9555;416071
9556;416074
9556;416076
9555;416077
9557;416079
9556;416079
9555;416077
9557;416080
9557;416083
9557;416124
9557;416136
9556;416138
9555;416140
9556;416138
9556;416142
9556;416142
9557;416145
9555;416147
9556;416151
9557;416151
9555;416152
9557;416148
9557;416153
9555;416151
9557;416154
9556;416153
9556;416152
9556;416156
9555;416156
9557;416156
9557;416158
9555;416159
9557;416156
9557;416158
9555;416161
9555;416159
9556;416158
9556;416161
9557;416163
9557;416163
9557;416162
9557;416166
9556;416162
9557;416166
9557;416162
9557;416165
9557;416163
9557;416164
9557;416165
9557;416166
9556;416166
9557;416167
9555;416168
9556;416167
9557;416171
9557;416170
9557;416168
9557;416170
9557;416169
9557;416171
9557;416171
9556;416172
